75.30 0.00
75.30 0.01
75.30 0.01
75.30 0.01
75.30 0.01
75.30 0.01
75.30 0.01
75.30 0.02
75.30 0.02
75.30 0.02
75.30 0.02
75.30 0.02
75.30 0.02
75.30 0.03
75.30 0.03
75.30 0.03
75.30 0.03
75.30 0.03
77.10 0.03
77.10 0.04
77.10 0.04
77.10 0.04
77.10 0.05
77.10 0.05
77.10 0.05
77.10 0.05
77.10 0.05
77.10 0.05
77.10 0.06
77.10 0.06
77.10 0.06
77.10 0.06
77.10 0.06
77.10 0.06
77.10 0.07
77.10 0.07
77.30 0.07
77.30 0.08
77.30 0.08
77.30 0.08
77.30 0.08
77.30 0.08
77.30 0.08
77.30 0.09
77.30 0.09
77.30 0.09
77.30 0.09
77.30 0.09
77.30 0.09
77.30 0.10
77.30 0.10
77.30 0.10
77.30 0.10
77.30 0.10
77.40 0.10
77.40 0.11
77.40 0.11
77.40 0.11
77.40 0.12
77.40 0.12
77.40 0.12
77.40 0.12
77.40 0.12
77.40 0.12
77.40 0.13
77.40 0.13
77.40 0.13
77.40 0.13
77.40 0.13
77.40 0.13
77.40 0.14
77.40 0.14
77.40 0.14
77.40 0.15
77.40 0.15
77.40 0.15
77.40 0.15
77.40 0.15
77.40 0.15
77.40 0.16
77.40 0.16
77.40 0.16
77.40 0.16
77.40 0.16
77.40 0.16
77.40 0.17
77.40 0.17
77.40 0.17
77.40 0.17
77.40 0.17
77.50 0.17
77.50 0.18
77.50 0.18
77.50 0.18
77.50 0.19
77.50 0.19
77.50 0.19
77.50 0.19
77.50 0.19
77.50 0.19
77.50 0.20
77.50 0.20
77.50 0.20
77.50 0.20
77.50 0.20
77.50 0.20
77.50 0.21
77.50 0.21
77.70 0.21
77.70 0.22
77.70 0.22
77.70 0.22
77.70 0.22
77.70 0.22
77.70 0.22
77.70 0.23
77.70 0.23
77.70 0.23
77.70 0.23
77.70 0.23
77.70 0.23
77.70 0.24
77.70 0.24
77.70 0.24
77.70 0.24
77.70 0.24
77.70 0.24
77.70 0.25
77.70 0.25
77.70 0.25
77.70 0.26
77.70 0.26
77.70 0.26
77.70 0.26
77.70 0.26
77.70 0.26
77.70 0.27
77.70 0.27
77.70 0.27
77.70 0.27
77.70 0.27
77.70 0.27
77.70 0.28
77.70 0.28
77.80 0.28
77.80 0.29
77.80 0.29
77.80 0.29
77.80 0.29
77.80 0.29
77.80 0.29
77.80 0.30
77.80 0.30
77.80 0.30
77.80 0.30
77.80 0.30
77.80 0.30
77.80 0.31
77.80 0.31
77.80 0.31
77.80 0.31
77.80 0.31
78.00 0.31
78.00 0.32
78.00 0.32
78.00 0.32
78.00 0.33
78.00 0.33
78.00 0.33
78.00 0.33
78.00 0.33
78.00 0.33
78.00 0.34
78.00 0.34
78.00 0.34
78.00 0.34
78.00 0.34
78.00 0.34
78.00 0.35
78.00 0.35
78.40 0.35
78.40 0.36
78.40 0.36
78.40 0.36
78.40 0.36
78.40 0.36
78.40 0.36
78.40 0.37
78.40 0.37
78.40 0.37
78.40 0.37
78.40 0.37
78.40 0.37
78.40 0.38
78.40 0.38
78.40 0.38
78.40 0.38
78.40 0.38
79.90 0.38
79.90 0.39
79.90 0.39
79.90 0.39
79.90 0.40
79.90 0.40
79.90 0.40
79.90 0.40
79.90 0.40
79.90 0.40
79.90 0.41
79.90 0.41
79.90 0.41
79.90 0.41
79.90 0.41
79.90 0.41
79.90 0.42
79.90 0.42
81.50 0.42
81.50 0.43
81.50 0.43
81.50 0.43
81.50 0.43
81.50 0.43
81.50 0.43
81.50 0.44
81.50 0.44
81.50 0.44
81.50 0.44
81.50 0.44
81.50 0.44
81.50 0.45
81.50 0.45
81.50 0.45
81.50 0.45
81.50 0.45
83.00 0.45
83.00 0.46
83.00 0.46
83.00 0.46
83.00 0.47
83.00 0.47
83.00 0.47
83.00 0.47
83.00 0.47
83.00 0.47
83.00 0.48
83.00 0.48
83.00 0.48
83.00 0.48
83.00 0.48
83.00 0.48
83.00 0.49
83.00 0.49
84.00 0.49
84.00 0.50
84.00 0.50
84.00 0.50
84.00 0.50
84.00 0.50
84.00 0.50
84.00 0.51
84.00 0.51
84.00 0.51
84.00 0.51
84.00 0.51
84.00 0.51
84.00 0.52
84.00 0.52
84.00 0.52
84.00 0.52
84.00 0.52
83.80 0.52
83.80 0.53
83.80 0.53
83.80 0.53
83.80 0.54
83.80 0.54
83.80 0.54
83.80 0.54
83.80 0.54
83.80 0.54
83.80 0.55
83.80 0.55
83.80 0.55
83.80 0.55
83.80 0.55
83.80 0.55
83.80 0.56
83.80 0.56
82.30 0.56
82.30 0.57
82.30 0.57
82.30 0.57
82.30 0.57
82.30 0.57
82.30 0.57
82.30 0.58
82.30 0.58
82.30 0.58
82.30 0.58
82.30 0.58
82.30 0.58
82.30 0.59
82.30 0.59
82.30 0.59
82.30 0.59
82.30 0.59
82.40 0.59
82.40 0.60
82.40 0.60
82.40 0.60
82.40 0.61
82.40 0.61
82.40 0.61
82.40 0.61
82.40 0.61
82.40 0.61
82.40 0.62
82.40 0.62
82.40 0.62
82.40 0.62
82.40 0.62
82.40 0.62
82.40 0.63
82.40 0.63
82.90 0.63
82.90 0.64
82.90 0.64
82.90 0.64
82.90 0.64
82.90 0.64
82.90 0.64
82.90 0.65
82.90 0.65
82.90 0.65
82.90 0.65
82.90 0.65
82.90 0.65
82.90 0.66
82.90 0.66
82.90 0.66
82.90 0.66
82.90 0.66
83.20 0.66
83.20 0.67
83.20 0.67
83.20 0.67
83.20 0.68
83.20 0.68
83.20 0.68
83.20 0.68
83.20 0.68
83.20 0.68
83.20 0.69
83.20 0.69
83.20 0.69
83.20 0.69
83.20 0.69
83.20 0.69
83.20 0.70
83.20 0.70
83.20 0.70
83.20 0.71
83.20 0.71
83.20 0.71
83.20 0.71
83.20 0.71
83.20 0.71
83.20 0.72
83.20 0.72
83.20 0.72
83.20 0.72
83.20 0.72
83.20 0.72
83.20 0.73
83.20 0.73
83.20 0.73
83.20 0.73
83.20 0.73
83.00 0.73
83.00 0.74
83.00 0.74
83.00 0.74
83.00 0.75
83.00 0.75
83.00 0.75
83.00 0.75
83.00 0.75
83.00 0.75
83.00 0.76
83.00 0.76
83.00 0.76
83.00 0.76
83.00 0.76
83.00 0.76
83.00 0.77
83.00 0.77
83.00 0.77
83.00 0.78
83.00 0.78
83.00 0.78
83.00 0.78
83.00 0.78
83.00 0.78
83.00 0.79
83.00 0.79
83.00 0.79
83.00 0.79
83.00 0.79
83.00 0.79
83.00 0.80
83.00 0.80
83.00 0.80
83.00 0.80
83.00 0.80
82.90 0.80
82.90 0.81
82.90 0.81
82.90 0.81
82.90 0.82
82.90 0.82
82.90 0.82
82.90 0.82
82.90 0.82
82.90 0.82
82.90 0.83
82.90 0.83
82.90 0.83
82.90 0.83
82.90 0.83
82.90 0.83
82.90 0.84
82.90 0.84
83.20 0.84
83.20 0.85
83.20 0.85
83.20 0.85
83.20 0.85
83.20 0.85
83.20 0.85
83.20 0.86
83.20 0.86
83.20 0.86
83.20 0.86
83.20 0.86
83.20 0.86
83.20 0.87
83.20 0.87
83.20 0.87
83.20 0.87
83.20 0.87
83.50 0.87
83.50 0.88
83.50 0.88
83.50 0.88
83.50 0.89
83.50 0.89
83.50 0.89
83.50 0.89
83.50 0.89
83.50 0.89
83.50 0.90
83.50 0.90
83.50 0.90
83.50 0.90
83.50 0.90
83.50 0.90
83.50 0.91
83.50 0.91
83.80 0.91
83.80 0.92
83.80 0.92
83.80 0.92
83.80 0.92
83.80 0.92
83.80 0.92
83.80 0.93
83.80 0.93
83.80 0.93
83.80 0.93
83.80 0.93
83.80 0.93
83.80 0.94
83.80 0.94
83.80 0.94
83.80 0.94
83.80 0.94
83.90 0.94
83.90 0.95
83.90 0.95
83.90 0.95
83.90 0.96
83.90 0.96
83.90 0.96
83.90 0.96
83.90 0.96
83.90 0.96
83.90 0.97
83.90 0.97
83.90 0.97
83.90 0.97
83.90 0.97
83.90 0.97
83.90 0.98
83.90 0.98
83.20 0.98
83.20 0.99
83.20 0.99
83.20 0.99
83.20 0.99
83.20 0.99
83.20 0.99
83.20 1.00
83.20 1.00
83.20 1.00
83.20 1.00
83.20 1.00
83.20 1.00
83.20 1.01
83.20 1.01
83.20 1.01
83.20 1.01
83.20 1.01
82.70 1.01
82.70 1.02
82.70 1.02
82.70 1.02
82.70 1.03
82.70 1.03
82.70 1.03
82.70 1.03
82.70 1.03
82.70 1.03
82.70 1.04
82.70 1.04
82.70 1.04
82.70 1.04
82.70 1.04
82.70 1.04
82.70 1.05
82.70 1.05
82.30 1.05
82.30 1.06
82.30 1.06
82.30 1.06
82.30 1.06
82.30 1.06
82.30 1.06
82.30 1.07
82.30 1.07
82.30 1.07
82.30 1.07
82.30 1.07
82.30 1.07
82.30 1.08
82.30 1.08
82.30 1.08
82.30 1.08
82.30 1.08
81.10 1.08
81.10 1.09
81.10 1.09
81.10 1.09
81.10 1.10
81.10 1.10
81.10 1.10
81.10 1.10
81.10 1.10
81.10 1.10
81.10 1.11
81.10 1.11
81.10 1.11
81.10 1.11
81.10 1.11
81.10 1.11
81.10 1.12
81.10 1.12
78.70 1.12
78.70 1.13
78.70 1.13
78.70 1.13
78.70 1.13
78.70 1.13
78.70 1.13
78.70 1.14
78.70 1.14
78.70 1.14
78.70 1.14
78.70 1.14
78.70 1.14
78.70 1.15
78.70 1.15
78.70 1.15
78.70 1.15
78.70 1.15
77.60 1.15
77.60 1.16
77.60 1.16
77.60 1.16
77.60 1.17
77.60 1.17
77.60 1.17
77.60 1.17
77.60 1.17
77.60 1.17
77.60 1.18
77.60 1.18
77.60 1.18
77.60 1.18
77.60 1.18
77.60 1.18
77.60 1.19
77.60 1.19
76.90 1.19
76.90 1.20
76.90 1.20
76.90 1.20
76.90 1.20
76.90 1.20
76.90 1.20
76.90 1.21
76.90 1.21
76.90 1.21
76.90 1.21
76.90 1.21
76.90 1.21
76.90 1.22
76.90 1.22
76.90 1.22
76.90 1.22
76.90 1.22
76.30 1.22
76.30 1.23
76.30 1.23
76.30 1.23
76.30 1.24
76.30 1.24
76.30 1.24
76.30 1.24
76.30 1.24
76.30 1.24
76.30 1.25
76.30 1.25
76.30 1.25
76.30 1.25
76.30 1.25
76.30 1.25
76.30 1.26
76.30 1.26
76.10 1.26
76.10 1.27
76.10 1.27
76.10 1.27
76.10 1.27
76.10 1.27
76.10 1.27
76.10 1.28
76.10 1.28
76.10 1.28
76.10 1.28
76.10 1.28
76.10 1.28
76.10 1.29
76.10 1.29
76.10 1.29
76.10 1.29
76.10 1.29
75.80 1.29
75.80 1.30
75.80 1.30
75.80 1.30
75.80 1.31
75.80 1.31
75.80 1.31
75.80 1.31
75.80 1.31
75.80 1.31
75.80 1.32
75.80 1.32
75.80 1.32
75.80 1.32
75.80 1.32
75.80 1.32
75.80 1.33
75.80 1.33
75.70 1.33
75.70 1.34
75.70 1.34
75.70 1.34
75.70 1.34
75.70 1.34
75.70 1.34
75.70 1.35
75.70 1.35
75.70 1.35
75.70 1.35
75.70 1.35
75.70 1.35
75.70 1.36
75.70 1.36
75.70 1.36
75.70 1.36
75.70 1.36
75.60 1.36
75.60 1.37
75.60 1.37
75.60 1.37
75.60 1.38
75.60 1.38
75.60 1.38
75.60 1.38
75.60 1.38
75.60 1.38
75.60 1.39
75.60 1.39
75.60 1.39
75.60 1.39
75.60 1.39
75.60 1.39
75.60 1.40
75.60 1.40
75.40 1.40
75.40 1.41
75.40 1.41
75.40 1.41
75.40 1.41
75.40 1.41
75.40 1.41
75.40 1.42
75.40 1.42
75.40 1.42
75.40 1.42
75.40 1.42
75.40 1.42
75.40 1.43
75.40 1.43
75.40 1.43
75.40 1.43
75.40 1.43
75.30 1.43
75.30 1.44
75.30 1.44
75.30 1.44
75.30 1.45
75.30 1.45
75.30 1.45
75.30 1.45
75.30 1.45
75.30 1.45
75.30 1.46
75.30 1.46
75.30 1.46
75.30 1.46
75.30 1.46
75.30 1.46
75.30 1.47
75.30 1.47
75.30 1.47
75.30 1.48
75.30 1.48
75.30 1.48
75.30 1.48
75.30 1.48
75.30 1.48
75.30 1.49
75.30 1.49
75.30 1.49
75.30 1.49
75.30 1.49
75.30 1.49
75.30 1.50
75.30 1.50
75.30 1.50
75.30 1.50
75.30 1.50
75.40 1.50
75.40 1.51
75.40 1.51
75.40 1.51
75.40 1.52
75.40 1.52
75.40 1.52
75.40 1.52
75.40 1.52
75.40 1.52
75.40 1.53
75.40 1.53
75.40 1.53
75.40 1.53
75.40 1.53
75.40 1.53
75.40 1.54
75.40 1.54
76.90 1.54
76.90 1.55
76.90 1.55
76.90 1.55
76.90 1.55
76.90 1.55
76.90 1.55
76.90 1.56
76.90 1.56
76.90 1.56
76.90 1.56
76.90 1.56
76.90 1.56
76.90 1.57
76.90 1.57
76.90 1.57
76.90 1.57
76.90 1.57
77.80 1.57
77.80 1.58
77.80 1.58
77.80 1.58
77.80 1.59
77.80 1.59
77.80 1.59
77.80 1.59
77.80 1.59
77.80 1.59
77.80 1.60
77.80 1.60
77.80 1.60
77.80 1.60
77.80 1.60
77.80 1.60
77.80 1.61
77.80 1.61
78.50 1.61
78.50 1.62
78.50 1.62
78.50 1.62
78.50 1.62
78.50 1.62
78.50 1.62
78.50 1.63
78.50 1.63
78.50 1.63
78.50 1.63
78.50 1.63
78.50 1.63
78.50 1.64
78.50 1.64
78.50 1.64
78.50 1.64
78.50 1.64
79.20 1.64
79.20 1.65
79.20 1.65
79.20 1.65
79.20 1.66
79.20 1.66
79.20 1.66
79.20 1.66
79.20 1.66
79.20 1.66
79.20 1.67
79.20 1.67
79.20 1.67
79.20 1.67
79.20 1.67
79.20 1.67
79.20 1.68
79.20 1.68
79.10 1.68
79.10 1.69
79.10 1.69
79.10 1.69
79.10 1.69
79.10 1.69
79.10 1.69
79.10 1.70
79.10 1.70
79.10 1.70
79.10 1.70
79.10 1.70
79.10 1.70
79.10 1.71
79.10 1.71
79.10 1.71
79.10 1.71
79.10 1.71
80.30 1.71
80.30 1.72
80.30 1.72
80.30 1.72
80.30 1.73
80.30 1.73
80.30 1.73
80.30 1.73
80.30 1.73
80.30 1.73
80.30 1.74
80.30 1.74
80.30 1.74
80.30 1.74
80.30 1.74
80.30 1.74
80.30 1.75
80.30 1.75
82.40 1.75
82.40 1.76
82.40 1.76
82.40 1.76
82.40 1.76
82.40 1.76
82.40 1.76
82.40 1.77
82.40 1.77
82.40 1.77
82.40 1.77
82.40 1.77
82.40 1.77
82.40 1.78
82.40 1.78
82.40 1.78
82.40 1.78
82.40 1.78
83.10 1.78
83.10 1.79
83.10 1.79
83.10 1.79
83.10 1.80
83.10 1.80
83.10 1.80
83.10 1.80
83.10 1.80
83.10 1.80
83.10 1.81
83.10 1.81
83.10 1.81
83.10 1.81
83.10 1.81
83.10 1.81
83.10 1.82
83.10 1.82
84.30 1.82
84.30 1.83
84.30 1.83
84.30 1.83
84.30 1.83
84.30 1.83
84.30 1.83
84.30 1.84
84.30 1.84
84.30 1.84
84.30 1.84
84.30 1.84
84.30 1.84
84.30 1.85
84.30 1.85
84.30 1.85
84.30 1.85
84.30 1.85
85.20 1.85
85.20 1.86
85.20 1.86
85.20 1.86
85.20 1.87
85.20 1.87
85.20 1.87
85.20 1.87
85.20 1.87
85.20 1.87
85.20 1.88
85.20 1.88
85.20 1.88
85.20 1.88
85.20 1.88
85.20 1.88
85.20 1.89
85.20 1.89
86.50 1.89
86.50 1.90
86.50 1.90
86.50 1.90
86.50 1.90
86.50 1.90
86.50 1.90
86.50 1.91
86.50 1.91
86.50 1.91
86.50 1.91
86.50 1.91
86.50 1.91
86.50 1.92
86.50 1.92
86.50 1.92
86.50 1.92
86.50 1.92
83.90 1.92
83.90 1.93
83.90 1.93
83.90 1.93
83.90 1.94
83.90 1.94
83.90 1.94
83.90 1.94
83.90 1.94
83.90 1.94
83.90 1.95
83.90 1.95
83.90 1.95
83.90 1.95
83.90 1.95
83.90 1.95
83.90 1.96
83.90 1.96
88.80 1.96
88.80 1.97
88.80 1.97
88.80 1.97
88.80 1.97
88.80 1.97
88.80 1.97
88.80 1.98
88.80 1.98
88.80 1.98
88.80 1.98
88.80 1.98
88.80 1.98
88.80 1.99
88.80 1.99
88.80 1.99
88.80 1.99
88.80 1.99
89.60 1.99
89.60 2.00
89.60 2.00
89.60 2.00
89.60 2.01
89.60 2.01
89.60 2.01
89.60 2.01
89.60 2.01
89.60 2.01
89.60 2.02
89.60 2.02
89.60 2.02
89.60 2.02
89.60 2.02
89.60 2.02
89.60 2.03
89.60 2.03
87.70 2.03
87.70 2.04
87.70 2.04
87.70 2.04
87.70 2.04
87.70 2.04
87.70 2.04
87.70 2.05
87.70 2.05
87.70 2.05
87.70 2.05
87.70 2.05
87.70 2.05
87.70 2.06
87.70 2.06
87.70 2.06
87.70 2.06
87.70 2.06
88.90 2.06
88.90 2.07
88.90 2.07
88.90 2.07
88.90 2.08
88.90 2.08
88.90 2.08
88.90 2.08
88.90 2.08
88.90 2.08
88.90 2.09
88.90 2.09
88.90 2.09
88.90 2.09
88.90 2.09
88.90 2.09
88.90 2.10
88.90 2.10
91.40 2.10
91.40 2.11
91.40 2.11
91.40 2.11
91.40 2.11
91.40 2.11
91.40 2.11
91.40 2.12
91.40 2.12
91.40 2.12
91.40 2.12
91.40 2.12
91.40 2.12
91.40 2.13
91.40 2.13
91.40 2.13
91.40 2.13
91.40 2.13
93.50 2.13
93.50 2.14
93.50 2.14
93.50 2.14
93.50 2.15
93.50 2.15
93.50 2.15
93.50 2.15
93.50 2.15
93.50 2.15
93.50 2.16
93.50 2.16
93.50 2.16
93.50 2.16
93.50 2.16
93.50 2.16
93.50 2.17
93.50 2.17
93.40 2.17
93.40 2.18
93.40 2.18
93.40 2.18
93.40 2.18
93.40 2.18
93.40 2.18
93.40 2.19
93.40 2.19
93.40 2.19
93.40 2.19
93.40 2.19
93.40 2.19
93.40 2.20
93.40 2.20
93.40 2.20
93.40 2.20
93.40 2.20
93.70 2.20
93.70 2.21
93.70 2.21
93.70 2.21
93.70 2.22
93.70 2.22
93.70 2.22
93.70 2.22
93.70 2.22
93.70 2.22
93.70 2.23
93.70 2.23
93.70 2.23
93.70 2.23
93.70 2.23
93.70 2.23
93.70 2.24
93.70 2.24
98.40 2.24
98.40 2.25
98.40 2.25
98.40 2.25
98.40 2.25
98.40 2.25
98.40 2.25
98.40 2.26
98.40 2.26
98.40 2.26
98.40 2.26
98.40 2.26
98.40 2.26
98.40 2.27
98.40 2.27
98.40 2.27
98.40 2.27
98.40 2.27
99.90 2.27
99.90 2.28
99.90 2.28
99.90 2.28
99.90 2.29
99.90 2.29
99.90 2.29
99.90 2.29
99.90 2.29
99.90 2.29
99.90 2.30
99.90 2.30
99.90 2.30
99.90 2.30
99.90 2.30
99.90 2.30
99.90 2.31
99.90 2.31
99.90 2.31
99.90 2.32
99.90 2.32
99.90 2.32
99.90 2.32
99.90 2.32
99.90 2.32
99.90 2.33
99.90 2.33
99.90 2.33
99.90 2.33
99.90 2.33
99.90 2.33
99.90 2.34
99.90 2.34
99.90 2.34
99.90 2.34
99.90 2.34
99.90 2.34
99.90 2.35
99.90 2.35
99.90 2.35
99.90 2.36
99.90 2.36
99.90 2.36
99.90 2.36
99.90 2.36
99.90 2.36
99.90 2.37
99.90 2.37
99.90 2.37
99.90 2.37
99.90 2.37
99.90 2.37
99.90 2.38
99.90 2.38
95.20 2.38
95.20 2.39
95.20 2.39
95.20 2.39
95.20 2.39
95.20 2.39
95.20 2.39
95.20 2.40
95.20 2.40
95.20 2.40
95.20 2.40
95.20 2.40
95.20 2.40
95.20 2.41
95.20 2.41
95.20 2.41
95.20 2.41
95.20 2.41
94.00 2.41
94.00 2.42
94.00 2.42
94.00 2.42
94.00 2.43
94.00 2.43
94.00 2.43
94.00 2.43
94.00 2.43
94.00 2.43
94.00 2.44
94.00 2.44
94.00 2.44
94.00 2.44
94.00 2.44
94.00 2.44
94.00 2.45
94.00 2.45
94.50 2.45
94.50 2.46
94.50 2.46
94.50 2.46
94.50 2.46
94.50 2.46
94.50 2.46
94.50 2.47
94.50 2.47
94.50 2.47
94.50 2.47
94.50 2.47
94.50 2.47
94.50 2.48
94.50 2.48
94.50 2.48
94.50 2.48
94.50 2.48
94.50 2.48
94.50 2.49
94.50 2.49
94.50 2.49
94.50 2.50
94.50 2.50
94.50 2.50
94.50 2.50
94.50 2.50
94.50 2.50
94.50 2.51
94.50 2.51
94.50 2.51
94.50 2.51
94.50 2.51
94.50 2.51
94.50 2.52
94.50 2.52
94.60 2.52
94.60 2.53
94.60 2.53
94.60 2.53
94.60 2.53
94.60 2.53
94.60 2.53
94.60 2.54
94.60 2.54
94.60 2.54
94.60 2.54
94.60 2.54
94.60 2.54
94.60 2.55
94.60 2.55
94.60 2.55
94.60 2.55
94.60 2.55
92.60 2.55
92.60 2.56
92.60 2.56
92.60 2.56
92.60 2.57
92.60 2.57
92.60 2.57
92.60 2.57
92.60 2.57
92.60 2.57
92.60 2.58
92.60 2.58
92.60 2.58
92.60 2.58
92.60 2.58
92.60 2.58
92.60 2.59
92.60 2.59
92.60 2.59
92.60 2.60
92.60 2.60
92.60 2.60
92.60 2.60
92.60 2.60
92.60 2.60
92.60 2.61
92.60 2.61
92.60 2.61
92.60 2.61
92.60 2.61
92.60 2.61
92.60 2.62
92.60 2.62
92.60 2.62
92.60 2.62
92.60 2.62
92.70 2.62
92.70 2.63
92.70 2.63
92.70 2.63
92.70 2.64
92.70 2.64
92.70 2.64
92.70 2.64
92.70 2.64
92.70 2.64
92.70 2.65
92.70 2.65
92.70 2.65
92.70 2.65
92.70 2.65
92.70 2.65
92.70 2.66
92.70 2.66
91.50 2.66
91.50 2.67
91.50 2.67
91.50 2.67
91.50 2.67
91.50 2.67
91.50 2.67
91.50 2.68
91.50 2.68
91.50 2.68
91.50 2.68
91.50 2.68
91.50 2.68
91.50 2.69
91.50 2.69
91.50 2.69
91.50 2.69
91.50 2.69
90.20 2.69
90.20 2.70
90.20 2.70
90.20 2.70
90.20 2.71
90.20 2.71
90.20 2.71
90.20 2.71
90.20 2.71
90.20 2.71
90.20 2.72
90.20 2.72
90.20 2.72
90.20 2.72
90.20 2.72
90.20 2.72
90.20 2.73
90.20 2.73
87.80 2.73
87.80 2.74
87.80 2.74
87.80 2.74
87.80 2.74
87.80 2.74
87.80 2.74
87.80 2.75
87.80 2.75
87.80 2.75
87.80 2.75
87.80 2.75
87.80 2.75
87.80 2.76
87.80 2.76
87.80 2.76
87.80 2.76
87.80 2.76
89.70 2.76
89.70 2.77
89.70 2.77
89.70 2.77
89.70 2.78
89.70 2.78
89.70 2.78
89.70 2.78
89.70 2.78
89.70 2.78
89.70 2.79
89.70 2.79
89.70 2.79
89.70 2.79
89.70 2.79
89.70 2.79
89.70 2.80
89.70 2.80
90.90 2.80
90.90 2.80
90.90 2.81
90.90 2.81
90.90 2.81
90.90 2.81
90.90 2.81
90.90 2.82
90.90 2.82
90.90 2.82
90.90 2.82
90.90 2.82
90.90 2.82
90.90 2.83
90.90 2.83
90.90 2.83
90.90 2.83
90.90 2.83
92.40 2.83
92.40 2.84
92.40 2.84
92.40 2.84
92.40 2.85
92.40 2.85
92.40 2.85
92.40 2.85
92.40 2.85
92.40 2.85
92.40 2.86
92.40 2.86
92.40 2.86
92.40 2.86
92.40 2.86
92.40 2.86
92.40 2.87
92.40 2.87
93.40 2.87
93.40 2.87
93.40 2.88
93.40 2.88
93.40 2.88
93.40 2.88
93.40 2.88
93.40 2.89
93.40 2.89
93.40 2.89
93.40 2.89
93.40 2.89
93.40 2.89
93.40 2.90
93.40 2.90
93.40 2.90
93.40 2.90
93.40 2.90
93.70 2.90
93.70 2.91
93.70 2.91
93.70 2.91
93.70 2.92
93.70 2.92
93.70 2.92
93.70 2.92
93.70 2.92
93.70 2.92
93.70 2.93
93.70 2.93
93.70 2.93
93.70 2.93
93.70 2.93
93.70 2.93
93.70 2.94
93.70 2.94
93.50 2.94
93.50 2.94
93.50 2.95
93.50 2.95
93.50 2.95
93.50 2.95
93.50 2.95
93.50 2.96
93.50 2.96
93.50 2.96
93.50 2.96
93.50 2.96
93.50 2.96
93.50 2.97
93.50 2.97
93.50 2.97
93.50 2.97
93.50 2.97
92.10 2.97
92.10 2.98
92.10 2.98
92.10 2.98
92.10 2.99
92.10 2.99
92.10 2.99
92.10 2.99
92.10 2.99
92.10 2.99
92.10 3.00
92.10 3.00
92.10 3.00
92.10 3.00
92.10 3.00
92.10 3.00
92.10 3.01
92.10 3.01
92.20 3.01
92.20 3.01
92.20 3.02
92.20 3.02
92.20 3.02
92.20 3.02
92.20 3.02
92.20 3.03
92.20 3.03
92.20 3.03
92.20 3.03
92.20 3.03
92.20 3.03
92.20 3.04
92.20 3.04
92.20 3.04
92.20 3.04
92.20 3.04
92.20 3.04
92.20 3.05
92.20 3.05
92.20 3.05
92.20 3.05
92.20 3.06
92.20 3.06
92.20 3.06
92.20 3.06
92.20 3.06
92.20 3.07
92.20 3.07
92.20 3.07
92.20 3.07
92.20 3.07
92.20 3.07
92.20 3.08
92.20 3.08
92.40 3.08
92.40 3.08
92.40 3.09
92.40 3.09
92.40 3.09
92.40 3.09
92.40 3.09
92.40 3.10
92.40 3.10
92.40 3.10
92.40 3.10
92.40 3.10
92.40 3.10
92.40 3.11
92.40 3.11
92.40 3.11
92.40 3.11
92.40 3.11
92.40 3.11
92.40 3.12
92.40 3.12
92.40 3.12
92.40 3.12
92.40 3.13
92.40 3.13
92.40 3.13
92.40 3.13
92.40 3.13
92.40 3.14
92.40 3.14
92.40 3.14
92.40 3.14
92.40 3.14
92.40 3.14
92.40 3.15
92.40 3.15
92.50 3.15
92.50 3.15
92.50 3.16
92.50 3.16
92.50 3.16
92.50 3.16
92.50 3.16
92.50 3.17
92.50 3.17
92.50 3.17
92.50 3.17
92.50 3.17
92.50 3.17
92.50 3.18
92.50 3.18
92.50 3.18
92.50 3.18
92.50 3.18
92.60 3.18
92.60 3.19
92.60 3.19
92.60 3.19
92.60 3.19
92.60 3.20
92.60 3.20
92.60 3.20
92.60 3.20
92.60 3.20
92.60 3.21
92.60 3.21
92.60 3.21
92.60 3.21
92.60 3.21
92.60 3.21
92.60 3.22
92.60 3.22
92.40 3.22
92.40 3.22
92.40 3.23
92.40 3.23
92.40 3.23
92.40 3.23
92.40 3.23
92.40 3.24
92.40 3.24
92.40 3.24
92.40 3.24
92.40 3.24
92.40 3.24
92.40 3.25
92.40 3.25
92.40 3.25
92.40 3.25
92.40 3.25
91.40 3.25
91.40 3.26
91.40 3.26
91.40 3.26
91.40 3.26
91.40 3.27
91.40 3.27
91.40 3.27
91.40 3.27
91.40 3.27
91.40 3.28
91.40 3.28
91.40 3.28
91.40 3.28
91.40 3.28
91.40 3.28
91.40 3.29
91.40 3.29
90.70 3.29
90.70 3.29
90.70 3.30
90.70 3.30
90.70 3.30
90.70 3.30
90.70 3.30
90.70 3.30
90.70 3.31
90.70 3.31
90.70 3.31
90.70 3.31
90.70 3.31
90.70 3.32
90.70 3.32
90.70 3.32
90.70 3.32
90.70 3.32
90.10 3.32
90.10 3.33
90.10 3.33
90.10 3.33
90.10 3.33
90.10 3.34
90.10 3.34
90.10 3.34
90.10 3.34
90.10 3.34
90.10 3.35
90.10 3.35
90.10 3.35
90.10 3.35
90.10 3.35
90.10 3.35
90.10 3.36
90.10 3.36
88.90 3.36
88.90 3.36
88.90 3.37
88.90 3.37
88.90 3.37
88.90 3.37
88.90 3.37
88.90 3.37
88.90 3.38
88.90 3.38
88.90 3.38
88.90 3.38
88.90 3.38
88.90 3.39
88.90 3.39
88.90 3.39
88.90 3.39
88.90 3.39
88.90 3.39
88.90 3.40
88.90 3.40
88.90 3.40
88.90 3.40
88.90 3.41
88.90 3.41
88.90 3.41
88.90 3.41
88.90 3.41
88.90 3.42
88.90 3.42
88.90 3.42
88.90 3.42
88.90 3.42
88.90 3.42
88.90 3.43
88.90 3.43
88.90 3.43
88.90 3.43
88.90 3.44
88.90 3.44
88.90 3.44
88.90 3.44
88.90 3.44
88.90 3.44
88.90 3.45
88.90 3.45
88.90 3.45
88.90 3.45
88.90 3.45
88.90 3.46
88.90 3.46
88.90 3.46
88.90 3.46
88.90 3.46
87.30 3.46
87.30 3.47
87.30 3.47
87.30 3.47
87.30 3.47
87.30 3.48
87.30 3.48
87.30 3.48
87.30 3.48
87.30 3.48
87.30 3.49
87.30 3.49
87.30 3.49
87.30 3.49
87.30 3.49
87.30 3.49
87.30 3.50
87.30 3.50
85.40 3.50
85.40 3.50
85.40 3.51
85.40 3.51
85.40 3.51
85.40 3.51
85.40 3.51
85.40 3.51
85.40 3.52
85.40 3.52
85.40 3.52
85.40 3.52
85.40 3.52
85.40 3.53
85.40 3.53
85.40 3.53
85.40 3.53
85.40 3.53
86.80 3.53
86.80 3.54
86.80 3.54
86.80 3.54
86.80 3.54
86.80 3.55
86.80 3.55
86.80 3.55
86.80 3.55
86.80 3.55
86.80 3.56
86.80 3.56
86.80 3.56
86.80 3.56
86.80 3.56
86.80 3.56
86.80 3.57
86.80 3.57
88.10 3.57
88.10 3.57
88.10 3.58
88.10 3.58
88.10 3.58
88.10 3.58
88.10 3.58
88.10 3.58
88.10 3.59
88.10 3.59
88.10 3.59
88.10 3.59
88.10 3.59
88.10 3.60
88.10 3.60
88.10 3.60
88.10 3.60
88.10 3.60
88.00 3.60
88.00 3.61
88.00 3.61
88.00 3.61
88.00 3.61
88.00 3.62
88.00 3.62
88.00 3.62
88.00 3.62
88.00 3.62
88.00 3.62
88.00 3.63
88.00 3.63
88.00 3.63
88.00 3.63
88.00 3.63
88.00 3.64
88.00 3.64
87.10 3.64
87.10 3.64
87.10 3.65
87.10 3.65
87.10 3.65
87.10 3.65
87.10 3.65
87.10 3.65
87.10 3.66
87.10 3.66
87.10 3.66
87.10 3.66
87.10 3.66
87.10 3.67
87.10 3.67
87.10 3.67
87.10 3.67
87.10 3.67
85.90 3.67
85.90 3.68
85.90 3.68
85.90 3.68
85.90 3.68
85.90 3.69
85.90 3.69
85.90 3.69
85.90 3.69
85.90 3.69
85.90 3.69
85.90 3.70
85.90 3.70
85.90 3.70
85.90 3.70
85.90 3.70
85.90 3.71
85.90 3.71
83.20 3.71
83.20 3.71
83.20 3.72
83.20 3.72
83.20 3.72
83.20 3.72
83.20 3.72
83.20 3.72
83.20 3.73
83.20 3.73
83.20 3.73
83.20 3.73
83.20 3.73
83.20 3.74
83.20 3.74
83.20 3.74
83.20 3.74
83.20 3.74
83.90 3.74
83.90 3.75
83.90 3.75
83.90 3.75
83.90 3.75
83.90 3.76
83.90 3.76
83.90 3.76
83.90 3.76
83.90 3.76
83.90 3.76
83.90 3.77
83.90 3.77
83.90 3.77
83.90 3.77
83.90 3.77
83.90 3.78
83.90 3.78
85.70 3.78
85.70 3.78
85.70 3.79
85.70 3.79
85.70 3.79
85.70 3.79
85.70 3.79
85.70 3.79
85.70 3.80
85.70 3.80
85.70 3.80
85.70 3.80
85.70 3.80
85.70 3.81
85.70 3.81
85.70 3.81
85.70 3.81
85.70 3.81
86.60 3.81
86.60 3.82
86.60 3.82
86.60 3.82
86.60 3.82
86.60 3.83
86.60 3.83
86.60 3.83
86.60 3.83
86.60 3.83
86.60 3.83
86.60 3.84
86.60 3.84
86.60 3.84
86.60 3.84
86.60 3.84
86.60 3.85
86.60 3.85
86.30 3.85
86.30 3.85
86.30 3.86
86.30 3.86
86.30 3.86
86.30 3.86
86.30 3.86
86.30 3.86
86.30 3.87
86.30 3.87
86.30 3.87
86.30 3.87
86.30 3.87
86.30 3.87
86.30 3.88
86.30 3.88
86.30 3.88
86.30 3.88
86.60 3.88
86.60 3.89
86.60 3.89
86.60 3.89
86.60 3.89
86.60 3.90
86.60 3.90
86.60 3.90
86.60 3.90
86.60 3.90
86.60 3.90
86.60 3.91
86.60 3.91
86.60 3.91
86.60 3.91
86.60 3.91
86.60 3.92
86.60 3.92
87.00 3.92
87.00 3.92
87.00 3.93
87.00 3.93
87.00 3.93
87.00 3.93
87.00 3.93
87.00 3.93
87.00 3.94
87.00 3.94
87.00 3.94
87.00 3.94
87.00 3.94
87.00 3.94
87.00 3.95
87.00 3.95
87.00 3.95
87.00 3.95
87.10 3.95
87.10 3.96
87.10 3.96
87.10 3.96
87.10 3.96
87.10 3.97
87.10 3.97
87.10 3.97
87.10 3.97
87.10 3.97
87.10 3.97
87.10 3.98
87.10 3.98
87.10 3.98
87.10 3.98
87.10 3.98
87.10 3.99
87.10 3.99
87.30 3.99
87.30 3.99
87.30 4.00
87.30 4.00
87.30 4.00
87.30 4.00
87.30 4.00
87.30 4.00
87.30 4.01
87.30 4.01
87.30 4.01
87.30 4.01
87.30 4.01
87.30 4.01
87.30 4.02
87.30 4.02
87.30 4.02
87.30 4.02
86.90 4.02
86.90 4.03
86.90 4.03
86.90 4.03
86.90 4.03
86.90 4.04
86.90 4.04
86.90 4.04
86.90 4.04
86.90 4.04
86.90 4.04
86.90 4.05
86.90 4.05
86.90 4.05
86.90 4.05
86.90 4.05
86.90 4.05
86.90 4.06
84.10 4.06
84.10 4.06
84.10 4.07
84.10 4.07
84.10 4.07
84.10 4.07
84.10 4.07
84.10 4.07
84.10 4.08
84.10 4.08
84.10 4.08
84.10 4.08
84.10 4.08
84.10 4.08
84.10 4.09
84.10 4.09
84.10 4.09
84.10 4.09
84.90 4.09
84.90 4.10
84.90 4.10
84.90 4.10
84.90 4.10
84.90 4.11
84.90 4.11
84.90 4.11
84.90 4.11
84.90 4.11
84.90 4.11
84.90 4.12
84.90 4.12
84.90 4.12
84.90 4.12
84.90 4.12
84.90 4.12
84.90 4.13
82.50 4.13
82.50 4.13
82.50 4.14
82.50 4.14
82.50 4.14
82.50 4.14
82.50 4.14
82.50 4.14
82.50 4.15
82.50 4.15
82.50 4.15
82.50 4.15
82.50 4.15
82.50 4.15
82.50 4.16
82.50 4.16
82.50 4.16
82.50 4.16
77.60 4.16
77.60 4.17
77.60 4.17
77.60 4.17
77.60 4.17
77.60 4.18
77.60 4.18
77.60 4.18
77.60 4.18
77.60 4.18
77.60 4.18
77.60 4.19
77.60 4.19
77.60 4.19
77.60 4.19
77.60 4.19
77.60 4.19
77.60 4.20
76.50 4.20
76.50 4.20
76.50 4.21
76.50 4.21
76.50 4.21
76.50 4.21
76.50 4.21
76.50 4.21
76.50 4.22
76.50 4.22
76.50 4.22
76.50 4.22
76.50 4.22
76.50 4.22
76.50 4.23
76.50 4.23
76.50 4.23
76.50 4.23
75.30 4.23
75.30 4.24
75.30 4.24
75.30 4.24
75.30 4.24
75.30 4.25
75.30 4.25
75.30 4.25
75.30 4.25
75.30 4.25
75.30 4.25
75.30 4.26
75.30 4.26
75.30 4.26
75.30 4.26
75.30 4.26
75.30 4.26
75.30 4.27
74.90 4.27
74.90 4.27
74.90 4.28
74.90 4.28
74.90 4.28
74.90 4.28
74.90 4.28
74.90 4.28
74.90 4.29
74.90 4.29
74.90 4.29
74.90 4.29
74.90 4.29
74.90 4.29
74.90 4.30
74.90 4.30
74.90 4.30
74.90 4.30
75.50 4.30
75.50 4.31
75.50 4.31
75.50 4.31
75.50 4.31
75.50 4.32
75.50 4.32
75.50 4.32
75.50 4.32
75.50 4.32
75.50 4.32
75.50 4.33
75.50 4.33
75.50 4.33
75.50 4.33
75.50 4.33
75.50 4.33
75.50 4.34
74.70 4.34
74.70 4.34
74.70 4.35
74.70 4.35
74.70 4.35
74.70 4.35
74.70 4.35
74.70 4.35
74.70 4.36
74.70 4.36
74.70 4.36
74.70 4.36
74.70 4.36
74.70 4.36
74.70 4.37
74.70 4.37
74.70 4.37
74.70 4.37
73.50 4.37
73.50 4.38
73.50 4.38
73.50 4.38
73.50 4.38
73.50 4.39
73.50 4.39
73.50 4.39
73.50 4.39
73.50 4.39
73.50 4.39
73.50 4.40
73.50 4.40
73.50 4.40
73.50 4.40
73.50 4.40
73.50 4.40
73.50 4.41
71.50 4.41
71.50 4.41
71.50 4.42
71.50 4.42
71.50 4.42
71.50 4.42
71.50 4.42
71.50 4.42
71.50 4.43
71.50 4.43
71.50 4.43
71.50 4.43
71.50 4.43
71.50 4.43
71.50 4.44
71.50 4.44
71.50 4.44
71.50 4.44
70.30 4.44
70.30 4.45
70.30 4.45
70.30 4.45
70.30 4.45
70.30 4.46
70.30 4.46
70.30 4.46
70.30 4.46
70.30 4.46
70.30 4.46
70.30 4.47
70.30 4.47
70.30 4.47
70.30 4.47
70.30 4.47
70.30 4.47
70.30 4.48
69.60 4.48
69.60 4.48
69.60 4.49
69.60 4.49
69.60 4.49
69.60 4.49
69.60 4.49
69.60 4.49
69.60 4.50
69.60 4.50
69.60 4.50
69.60 4.50
69.60 4.50
69.60 4.50
69.60 4.51
69.60 4.51
69.60 4.51
69.60 4.51
69.10 4.51
69.10 4.52
69.10 4.52
69.10 4.52
69.10 4.52
69.10 4.53
69.10 4.53
69.10 4.53
69.10 4.53
69.10 4.53
69.10 4.53
69.10 4.54
69.10 4.54
69.10 4.54
69.10 4.54
69.10 4.54
69.10 4.54
69.10 4.55
68.70 4.55
68.70 4.55
68.70 4.56
68.70 4.56
68.70 4.56
68.70 4.56
68.70 4.56
68.70 4.56
68.70 4.57
68.70 4.57
68.70 4.57
68.70 4.57
68.70 4.57
68.70 4.57
68.70 4.58
68.70 4.58
68.70 4.58
68.70 4.58
68.50 4.58
68.50 4.59
68.50 4.59
68.50 4.59
68.50 4.59
68.50 4.60
68.50 4.60
68.50 4.60
68.50 4.60
68.50 4.60
68.50 4.60
68.50 4.61
68.50 4.61
68.50 4.61
68.50 4.61
68.50 4.61
68.50 4.61
68.50 4.62
68.40 4.62
68.40 4.62
68.40 4.63
68.40 4.63
68.40 4.63
68.40 4.63
68.40 4.63
68.40 4.63
68.40 4.64
68.40 4.64
68.40 4.64
68.40 4.64
68.40 4.64
68.40 4.64
68.40 4.65
68.40 4.65
68.40 4.65
68.40 4.65
68.10 4.65
68.10 4.66
68.10 4.66
68.10 4.66
68.10 4.66
68.10 4.67
68.10 4.67
68.10 4.67
68.10 4.67
68.10 4.67
68.10 4.67
68.10 4.68
68.10 4.68
68.10 4.68
68.10 4.68
68.10 4.68
68.10 4.68
68.10 4.69
68.10 4.69
68.10 4.69
68.10 4.70
68.10 4.70
68.10 4.70
68.10 4.70
68.10 4.70
68.10 4.70
68.10 4.71
68.10 4.71
68.10 4.71
68.10 4.71
68.10 4.71
68.10 4.71
68.10 4.72
68.10 4.72
68.10 4.72
68.10 4.72
67.90 4.72
67.90 4.73
67.90 4.73
67.90 4.73
67.90 4.73
67.90 4.74
67.90 4.74
67.90 4.74
67.90 4.74
67.90 4.74
67.90 4.74
67.90 4.75
67.90 4.75
67.90 4.75
67.90 4.75
67.90 4.75
67.90 4.75
67.90 4.76
67.90 4.76
67.90 4.76
67.90 4.77
67.90 4.77
67.90 4.77
67.90 4.77
67.90 4.77
67.90 4.77
67.90 4.78
67.90 4.78
67.90 4.78
67.90 4.78
67.90 4.78
67.90 4.78
67.90 4.79
67.90 4.79
67.90 4.79
67.90 4.79
68.00 4.79
68.00 4.80
68.00 4.80
68.00 4.80
68.00 4.80
68.00 4.81
68.00 4.81
68.00 4.81
68.00 4.81
68.00 4.81
68.00 4.81
68.00 4.82
68.00 4.82
68.00 4.82
68.00 4.82
68.00 4.82
68.00 4.82
68.00 4.83
67.90 4.83
67.90 4.83
67.90 4.84
67.90 4.84
67.90 4.84
67.90 4.84
67.90 4.84
67.90 4.84
67.90 4.85
67.90 4.85
67.90 4.85
67.90 4.85
67.90 4.85
67.90 4.85
67.90 4.86
67.90 4.86
67.90 4.86
67.90 4.86
68.20 4.86
68.20 4.87
68.20 4.87
68.20 4.87
68.20 4.87
68.20 4.88
68.20 4.88
68.20 4.88
68.20 4.88
68.20 4.88
68.20 4.88
68.20 4.89
68.20 4.89
68.20 4.89
68.20 4.89
68.20 4.89
68.20 4.89
68.20 4.90
68.40 4.90
68.40 4.90
68.40 4.91
68.40 4.91
68.40 4.91
68.40 4.91
68.40 4.91
68.40 4.91
68.40 4.92
68.40 4.92
68.40 4.92
68.40 4.92
68.40 4.92
68.40 4.92
68.40 4.93
68.40 4.93
68.40 4.93
68.40 4.93
68.70 4.93
68.70 4.94
68.70 4.94
68.70 4.94
68.70 4.94
68.70 4.95
68.70 4.95
68.70 4.95
68.70 4.95
68.70 4.95
68.70 4.95
68.70 4.96
68.70 4.96
68.70 4.96
68.70 4.96
68.70 4.96
68.70 4.96
68.70 4.97
68.80 4.97
68.80 4.97
68.80 4.98
68.80 4.98
68.80 4.98
68.80 4.98
68.80 4.98
68.80 4.98
68.80 4.99
68.80 4.99
68.80 4.99
68.80 4.99
68.80 4.99
68.80 4.99
68.80 5.00
68.80 5.00
68.80 5.00
68.80 5.00